this funcion is a generator wich help us to determinate all the possible routes in the cities

example:

city_permutation(5)

this print:

>>>[(0, 1, 2, 3, 4, 0),
   (0, 1, 2, 4, 3, 0),
   (0, 1, 3, 2, 4, 0),
   (0, 1, 3, 4, 2, 0),
   (0, 1, 4, 2, 3, 0),
   (0, 1, 4, 3, 2, 0),
   (0, 2, 1, 3, 4, 0),
   (0, 2, 1, 4, 3, 0),
   (0, 2, 3, 1, 4, 0),
   (0, 2, 3, 4, 1, 0),
   (0, 2, 4, 1, 3, 0),
   (0, 2, 4, 3, 1, 0),
   (0, 3, 1, 2, 4, 0),
   (0, 3, 1, 4, 2, 0),
   (0, 3, 2, 1, 4, 0),
   (0, 3, 2, 4, 1, 0),
   (0, 3, 4, 1, 2, 0),
   (0, 3, 4, 2, 1, 0),
   (0, 4, 1, 2, 3, 0),
   (0, 4, 1, 3, 2, 0),
   (0, 4, 2, 1, 3, 0),
   (0, 4, 2, 3, 1, 0),
   (0, 4, 3, 1, 2, 0),
   (0, 4, 3, 2, 1, 0)]
